 0  1  2  3  4  5  6  7  8  9 10 11 12 13 14 15 16 17 18 19
20 15  2  3 17 18  7  6  1  8  4  9 14 12 19 16 13  5 11 10
                            8//средний элемент
20 15  2  3 17 18  7  6  1  8  4  9 14 12 19 16 13  5 11 10
 5  4  2  3  8  1  7  6 18 17 15  9 14 12 19 16 13 20 11 10

          3//средний элемент
 5  4  2  3  8  1  7  6
 1  3  2  4  8  5  7  6

    3//средний элемент
 1  3  2
 1  2  3

 1//средний элемент 
 1  2
 1  2

                5//средний элемент
          4  8  5  7  6
          4  5  8  7  6

          4//средний элемент
          4  5
          4  5

                   7//средний элемент
                8  7  6
                6  7  8

                                       12//средний элемент
                        18 17 15  9 14 12 19 16 13 20 11 10
                        10 11 12  9 14 15 19 16 13 20 17 18

                           11//средний элемент
                        10 11 12  9
                        10  9 12 11

			10//средний элемент
                        10  9
                         9 10

                              12//средний элемент
                              12 11
                              11 12

                                             16//средний элемент
                                    14 15 19 16 13 20 17 18
                                    14 15 13 16 19 20 17 18

				       15//средний элемент
                                    14 15 13
                                    14 13 15

				    14//средний элемент
                                    14 13
                                    13 14

                                                   20//средний элемент
                                                19 20 17 18
                                                19 18 17 20

                                                   18//средний элемент
                                                19 18 17
                                                17 18 19
 1  2  3  4  5  6  7  8  9 10 11 12 13 14 15 16 17 18 19 20
