14) 20 15 2 3 17 18 7 6 1 8 4 9 14 12 19 16 13 5 11 10 

0  1  2  3  4  5  6  7  8  9  10  11  12  13  14  15  16  17  18  19 <- нумерация в массиве 

20 15 2  3 17 18  7  6  1  8   4   9  14  12  19  16  13   5  11  10 <- элементы исходного массива
                                                                       1.пузырьковaя сортировка.
15 2  3 17 18  7  6  1  8  4   9  14  12  19  16  13   5  11  10 |20<-
2  3 15 17  7  6  1  8  4  9   14 12  18  16  13  5   11  10 |19<-
2  3 15  7  6  1  8  4  9  14  12 17  16  13  5   11  10 |18<-
2  3  7  6  1  8  4  9  14 12  15 16  13  5   11  10 |17<-
2  3  6  1  7  4  8  9  12 14  15 13  5   11  10 |16<-
2  3  1  6  4  7  8  9  12 14  13 5   11  10 |15<-   
2  1  3  4  6  7  8  9  12 13  5  11  10 |14<-
1  2  3  4  6  7  8  9  12 5   11 10 |13<-
1  2  3  4  6  7  8  9  5  11  10|12<-
1  2  3  4  6  7  8  5  9  10 |11<-
1  2  3  4  6  7  5  8  9 |10<-
1  2  3  4  6  5  7  8 |9<-
1  2  3  4  5  6  7 |8<-
1  2  3  4  5  6 |7<-
1  2  3  4  5 |6<-
1  2  3  4 |5<-
1  2  3 |4<-
1  2  |3<-
1 |2<-
|1|

0  1  2  3  4  5  6  7  8  9  10  11  12  13  14  15  16  17  18  19 <- нумерация в массиве 
1  2  3  4  5  6  7  8  9  10 11  12  13  14  15  16  17  18  19  20 <- отсортированный массив


20 15 2  3 17 18  7  6  1  8   4   9  14  12  19  16  13   5  11  10 <- элементы исходного массива
                                                                       2.шейкерная сортировка.
15 2  3 17 18  7  6  1  8  4   9  14  12  19  16  13   5  11  10 |20<-
->1|  15 2  3 17 18  7  6 4  8 5 9 14 12 19  16   13 10  11
2 3  15 17 7  6 4  8 5 9 14 12 18 16  13 10  11 |19<-
->2| 3  4 15 17 7  6   5 8 9 10 14 12 18  16 13  11
3  4 15 7  6   5 8 9 10 14 12 17 16 13  11 |18<-
->3|  4 5 15 7  6   8 9 10 11 14 12 17 16 13
4 5 7  6   8 9 10 11 14 12 15 16 13 |17<-
->4| 5 6  7   8 9 10 11 12 14 13 15 16 
5 6 7 8 9 10 11 12 13 14 15 |16<-
->5| 6 7 8 9 10 11 12 13 14 15 
6 7 8 9 10 11 12 13 14 |15<-
->6| 7 8 9 10 11 12 13 14
7 8 9 10 11 12 13 |14<-
->7| 8 9 10 11 12 13
8 9 10 11 12 |13<-
->8| 9 10 11 12
9 10 11 |12<-
->9| 10 11
10 |11<-
|10|

0  1  2  3  4  5  6  7  8  9  10  11  12  13  14  15  16  17  18  19 <- нумерация в массиве 
1  2  3  4  5  6  7  8  9  10 11  12  13  14  15  16  17  18  19  20 <- отсортированный массив


20 15 2  3 17 18  7  6  1  8   4   9  14  12  19  16  13   5  11  10 <- элементы исходного массива
                                                                       3.чётная нечётная сортировка.
15 20 2  3 17 18  7  6  1  8   4   9  12  14  16  19  5   13  10  11  // пара нач. с 0
15 2 20  3 17  7 18  1  6  4   8   9  12  14  16  5  19   10  13  11  // пара нач. с 1
2 15  3 20 7  17  1 18  4  6   8   9  12  14   5  16 10   19  11  13  // пара нач. с 0
2  3  15 7 20 1  17  4  18 6   8   9  12  5   14  10 16   11  19  13  // пара нач. с 1
2  3  7 15 1 20   4  17 6  18  8   9  5   12  10  14 11   16  13  19  // пара нач. с 0
2  3  7  1 15 4  20  6 17  8  18   5  9   10  12  11 14   13  16  19  // пара нач. с 1 
2  3  1  7 4 15   6 20  8 17   5  18  9   10  11  12 13   14  16  19  // пара нач. с 0
2  1  3  4 7  6  15  8 20  5   17  9  18  10  11  12 13   14  16  19  // пара нач. с 1
1  2  3  4 6  7  8  15 5  20   9  17  10  18  11  12 13   14  16  19  // пара нач. с 0
1  2  3  4 6  7  8  5 15  9   20  10  17  11  18  12 13   14  16  19  // пара нач. с 1
1  2  3  4 6  7  5  8 9  15   10  20  11  17  12  18 13   14  16  19  // пара нач. с 0
1  2  3  4 6  5  7  8 9  10   15  11  20  12  17  13 18   14  16  19  // пара нач. с 1
1  2  3  4 5  6  7  8 9  10   11  15  12  20  13  17 14   18  16  19  // пара нач. с 0
1  2  3  4 5  6  7  8 9  10   11  12  15  13  20  14 17   16  18  19  // пара нач. с 1
1  2  3  4 5  6  7  8 9  10   11  12  13  15  14  20 16   17  18  19  // пара нач. с 0
1  2  3  4 5  6  7  8 9  10   11  12  13  14  15  16 20   17  18  19  // пара нач. с 1
1  2  3  4 5  6  7  8 9  10   11  12  13  14  15  16 17   20  18  19  // пара нач. с 0
1  2  3  4 5  6  7  8 9  10   11  12  13  14  15  16 17   18  20  19  // пара нач. с 1
1  2  3  4 5  6  7  8 9  10   11  12  13  14  15  16 17   18  19  20  // пара нач. с 0
1  2  3  4 5  6  7  8 9  10   11  12  13  14  15  16 17   18  19  20  // пара нач. с 1

0  1  2  3  4  5  6  7  8  9  10  11  12  13  14  15  16  17  18  19 <- нумерация в массиве 
1  2  3  4  5  6  7  8  9  10 11  12  13  14  15  16  17  18  19  20 <- отсортированный массив
