                           18//средний элемент
11 10  5 17 16 13 20  3 19 18  6  4  7  2  1  9 14  8 12 15
11 10  5 17 16 13 15  3 12  8  6  4  7  2  1  9 14 18 19 20

                        12//средний элемент
11 10  5 17 16 13 15  3 12  8  6  4  7  2  1  9 14
11 10  5  9  1  2  7  3  4  8  6 12 15 13 16 17 14

                2//средний элемент
11 10  5  9  1  2  7  3  4  8  6
 2  1  5  9 10 11  7  3  4  8  6

 2//средний элемент
 2  1
 1  2

                   7//средний элемент
       5  9 10 11  7  3  4  8  6
       5  6  4  3  7 11 10  8  9

          6//средний элемент
       5  6  4  3
       5  3  4  6

          3//средний элемент
       5  3  4
       3  5  4

          5//средний элемент
          5  4
          4  5

                        10//средний элемент
                     11 10  8  9
                      9  8 10 11

                      9//средний элемент
                      9  8
                      8  9

                           10//средний элемент
                           10 11
                           10 11

                                       13//средний элемент
                                 12 15 13 16 17 14
                                 12 13 15 16 17 14

                                 12//средний элемент
                                 12 13
                                 12 13

                                          16//средний элемент
                                       15 16 17 14
                                       15 14 17 16

                                       15//средний элемент
                                       15 14
                                       14 15

                                             17//средний элемент
                                             17 16
                                             16 17

                                                      19//средний элемент
                                                   18 19 20
                                                   18 19 20
 1  2  3  4  5  6  7  8  9 10 11 12 13 14 15 16 17 18 19 20