20 15  2  3 17 18  7  6  1  8  4  9 14 12 19 16 13  5 11 10
 
                                20
               15                                    2
      3                  17                18                7
  6       1          8       4          9       14        12      19
16 13   5  11     10

   
                                20
               15                                    2
       3                 17                18                7
  6       1          10      4          9      14        12      19
16 13     5  11    8


                                20
               15                                    2
      3                 17                18                7
  6       11        10      4          9       14       12      19
16 13    5  1     8


                                20
               15                                    2
        3                 17                18                7
    16      11        10      4         9       14        12      19
   6  13   5  1     8


                                20
               15                                    2
     3                 17                18                19
 16      11        10      4          9       14       12      7
6  13   5  1     8


                                20
               15                                    2
     3                 17                  18                19
16      11         10      4           9       14        12      7
6  13  5  1      8


                                20
               15                                    2
     3                 17                18                19
  16      11      10      4          9       14         12      7
6  13    5  1   8


                                20
               15                                    2
     16                17                18                19
 13      11         10      4        9       14         12      7
6  3    5  1      8


                                20
               15                                    19
      16                17                  18                12
 13      11         10      4            9       14        2       7
6  3    5  1     8


                                20
               17                                    19
      16                15                18                12
 13      11         10      4          9       14      2       7
6  3    5  1      8


                                20
               17                                    19
      16                15                18                12
 13      11         10      4          9       14        2       7
6  3    5  1      8












                                19
               17                                    18
     16                15                14                12
 13      11        10      4          9       8         2       7
6  3    5  1    20


                                18
               17                                    14
     16                15                9                 12
 13      11        10      4         1       8         2       7
6  3    5  19   20


                                17
               16                                    14
     13                15                9                 12
  6       11        10      4         1       8        2       7
5  3    18  19    20


                                16
               15                                    14
       13                10                9                 12
   6       11        3       4         1       8          2       7
 5  17   18  19   20


                                15
               13                                    14
      11                10                9                 12
  6       5        3       4         1       8          2       7
16 17   18 19    20


                                14
               13                                    12
      11                10                9                 7
  6       5         3       4         1       8         2       15
16 17   18 19     20


                                13
               11                                    12
     6                 10                9                 7
  2       5         3       4        1       8         14      15
16 17   18 19     20


                                12
               11                                    9
      6                 10                8                 7
  2       5          3       4        1       13        14      15
16 17   18 19      20


                                11
               10                                    9
       6                 4                 8                 7
   2       5         3       1         12      13       14      15
 16 17   18 19    20


                                10
               6                                     9
       5                 4                 8                 7
   2       1         3       11       12      13        14      15
 16 17   18 19    20


                                9
               6                                     8
       5                4                 3                 7
   2       1       10      11         12      13        14      15
 16 17   18 19   20


                                8
               6                                     7
       5                 4                 3                 1
  2       9         10      11        12      13        14      15
16 17   18 19    20


                                7
               6                                     3
       5                 4                 2                 1
   8       9         10      11       12      13         14      15
 16 17   18 19     20


                                6
               5                                     3
      1                 4                 2                 7
  8       9         10      11        12      13         14      15
16 17   18 19    20


                                5
               4                                     3
      1                 2                 6                 7
  8       9        10      11         12      13        14      15
16 17   18 19    20


                                4
               2                                     3
      1                 5                 6                 7
  8       9         10      11       12      13        14      15
16 17   18 19     20


                                3  
               2                                     1
       4                 5                 6                 7
   8       9         10      11        12      13        14      15
 16 17   18 19    20

 
                                2  
                1                                     3
        4                 5                 6                 7
    8       9         10      11        12      13        14      15
  16 17   18 19     20


                                1
               2                                     3
       4                 5                 6                 7
   8       9         10      11       12      13         14      15
 16 17   18 19     20


1  2  3  4  5  6  7  8  9  10 11 12 13 14 15 16 17 18 19 20
